camera_matrix:
- - 496.2350363537472
  - 0.0
  - 327.158832924797
- - 0.0
  - 497.93988770421777
  - 261.5123626008497
- - 0.0
  - 0.0
  - 1.0
dist_coefs:
- - 0.14271321772364104
  - -0.2167004206831489
  - 0.006605986731165757
  - 0.0033595250992632577
  - -0.10841889378478202
rms: 0.30022147213926764
